10
10 12
6 3 8 2 1 9 7 5 11 10
3 2 5 11 8  6 3 9 1 12 13 4
15 10   
2 2 6 8 2 8 2 9 11 4 2 3 7 6 4 
1 1 6 8 11 18 2 8 3 6 
5 4
8 2 3 7 4 
6 5 4 1
8 8 
2 3 6 9 8 1 55 9  
22 55 88 7 5 33 9 8
10 10 
2 36 8 5 14 78 1 6 9 2
3 6 2 5 9 6 7 2 8 3 
7 7
3 6 9 8 22 89 2 
2 3 8 55 2 9 8
8 8 
3 2 6 98 2 5 8 99 
33 66 99 22 5 8 7 8 
9 9 
100 22 55 88 66 10 55 99 55 
33 69 89 45 21 20 23 24 26
10 10 
23 46 8 55 20 23 20 26 92 10 
2 5 8 66 99 20 77 22 33 10
20 20 
11 22 58 33 66 88 84 95 23 45 77 25 99 100 123 58 69 15 156 20 
123 88  22 33 99 22 78 6 2 33 66 8 1 33 85 45 62 88 12 45 126